Rectangle 0,0 800 600 255,255,255 255,255,255
LineSegment 120,560 670,560 238,239,241
LineSegment 120,540 670,540 238,239,241
Rectangle 238,460 14 28 39,48,58 79,129,189
Rectangle 265,460 14 28 39,48,58 79,129,189
Rectangle 188,366 145 20 79,129,189 252,213,181

Triangle 194,460 318,460 257,338 18,66,84 0,176,240

Circle 225,290 30 79,129,189 252,213,181
Triangle 238,274 238,307 257,295 59,15,15 255,0,0
Triangle 276,277 276,311 255,298 59,15,15 255,0,0
LineSegment 305,260 327,366 145,145,145
Circle 300,222 36 79,129,189 0,176,240
Circle 520,70 52 254,209,20 255,255,0
Circle 265,317 1 1,1,1 1,1,1
Circle 245,317 1 1,1,1 1,1,1
LineSegment 260,326 260,332 181,178,184
LineSegment 260,342 267,335 253,124,105
LineSegment 260,342 253,335 253,124,105